For npts = 10 (steps of 2PI/10)
i x[i] sin(x) est(sin(x)) error
0.628319	0.587785	0.50832	0.0794649
1.25664	0.951057	0.702481	0.248575
1.88496	0.951057	0.50832	0.442736
2.51327	0.587785	2.22045e-16	0.587785
3.14159	1.22465e-16	-0.628319	0.628319
3.76991	-0.587785	-1.13664	0.548854
4.39823	-0.951057	-1.3308	0.379743
5.02655	-0.951057	-1.13664	0.185582
5.65487	-0.587785	-0.628319	0.0405333
6.28319	-2.44929e-16	0	2.44929e-16

For npts = 20 (steps of 2PI/20)
i x[i] sin(x) est(sin(x)) error
0.314159	0.309017	0.298783	0.0102338
0.628319	0.587785	0.552943	0.0348419
0.942478	0.809017	0.737602	0.0714154
1.25664	0.951057	0.834682	0.116374
1.5708	1	0.834682	0.165318
1.88496	0.951057	0.737602	0.213455
2.19911	0.809017	0.552943	0.256074
2.51327	0.587785	0.298783	0.289002
2.82743	0.309017	5.55112e-17	0.309017
3.14159	1.22465e-16	-0.314159	0.314159
3.45575	-0.309017	-0.612942	0.303925
3.76991	-0.587785	-0.867103	0.279317
4.08407	-0.809017	-1.05176	0.242744
4.39823	-0.951057	-1.14884	0.197785
4.71239	-1	-1.14884	0.148841
5.02655	-0.951057	-1.05176	0.100704
5.34071	-0.809017	-0.867103	0.0580857
5.65487	-0.587785	-0.612942	0.0251572
5.96903	-0.309017	-0.314159	0.00514227
6.28319	-2.44929e-16	-3.88578e-16	1.43649e-16

For npts = 100 (steps of 2PI/100)
i x[i] sin(x) est(sin(x)) error
0.0628319	0.0627905	0.0627079	8.26508e-05
0.125664	0.125333	0.125044	0.00028896
0.188496	0.187381	0.186763	0.000618112
0.251327	0.24869	0.247621	0.00106881
0.314159	0.309017	0.307378	0.00163927
0.376991	0.368125	0.365797	0.00232725
0.439823	0.425779	0.422649	0.00313003
0.502655	0.481754	0.477709	0.00404444
0.565487	0.535827	0.53076	0.00506687
0.628319	0.587785	0.581592	0.00619329
0.69115	0.637424	0.630005	0.00741926
0.753982	0.684547	0.675807	0.00873992
0.816814	0.728969	0.718819	0.0101501
0.879646	0.770513	0.758869	0.0116442
0.942478	0.809017	0.795801	0.0132163
1.00531	0.844328	0.829468	0.0148602
1.06814	0.876307	0.859737	0.0165695
1.13097	0.904827	0.88649	0.0183374
1.19381	0.929776	0.90962	0.0201569
1.25664	0.951057	0.929036	0.0220208
1.31947	0.968583	0.944661	0.0239218
1.3823	0.982287	0.956435	0.0258523
1.44513	0.992115	0.96431	0.0278049
1.50796	0.998027	0.968255	0.0297717
1.5708	1	0.968255	0.0317449
1.63363	0.998027	0.96431	0.0337169
1.69646	0.992115	0.956435	0.0356798
1.75929	0.982287	0.944661	0.0376259
1.82212	0.968583	0.929036	0.0395474
1.88496	0.951057	0.90962	0.0414369
1.94779	0.929776	0.88649	0.0432868
2.01062	0.904827	0.859737	0.0450899
2.07345	0.876307	0.829468	0.046839
2.13628	0.844328	0.795801	0.0485272
2.19911	0.809017	0.758869	0.0501479
2.26195	0.770513	0.718819	0.0516947
2.32478	0.728969	0.675807	0.0531614
2.38761	0.684547	0.630005	0.0545424
2.45044	0.637424	0.581592	0.055832
2.51327	0.587785	0.53076	0.0570253
2.57611	0.535827	0.477709	0.0581176
2.63894	0.481754	0.422649	0.0591044
2.70177	0.425779	0.365797	0.059982
2.7646	0.368125	0.307378	0.0607468
2.82743	0.309017	0.247621	0.0613959
2.89027	0.24869	0.186763	0.0619267
2.9531	0.187381	0.125044	0.062337
3.01593	0.125333	0.0627079	0.0626254
3.07876	0.0627905	-3.19189e-16	0.0627905
3.14159	-3.21625e-16	-0.0628319	0.0628319
3.20442	-0.0627905	-0.12554	0.0627492
3.26726	-0.125333	-0.187876	0.0625429
3.33009	-0.187381	-0.249595	0.0622137
3.39292	-0.24869	-0.310453	0.061763
3.45575	-0.309017	-0.37021	0.0611926
3.51858	-0.368125	-0.428629	0.0605046
3.58142	-0.425779	-0.485481	0.0597018
3.64425	-0.481754	-0.540541	0.0587874
3.70708	-0.535827	-0.593592	0.057765
3.76991	-0.587785	-0.644424	0.0566386
3.83274	-0.637424	-0.692837	0.0554126
3.89557	-0.684547	-0.738639	0.0540919
3.95841	-0.728969	-0.78165	0.0526818
4.02124	-0.770513	-0.821701	0.0511877
4.08407	-0.809017	-0.858633	0.0496156
4.1469	-0.844328	-0.8923	0.0479716
4.20973	-0.876307	-0.922569	0.0462624
4.27257	-0.904827	-0.949322	0.0444945
4.3354	-0.929776	-0.972451	0.042675
4.39823	-0.951057	-0.991868	0.0408111
4.46106	-0.968583	-1.00749	0.0389101
4.52389	-0.982287	-1.01927	0.0369795
4.58673	-0.992115	-1.02714	0.035027
4.64956	-0.998027	-1.03109	0.0330602
4.71239	-1	-1.03109	0.0310869
4.77522	-0.998027	-1.02714	0.0291149
4.83805	-0.992115	-1.01927	0.0271521
4.90088	-0.982287	-1.00749	0.025206
4.96372	-0.968583	-0.991868	0.0232844
5.02655	-0.951057	-0.972451	0.021395
5.08938	-0.929776	-0.949322	0.019545
5.15221	-0.904827	-0.922569	0.017742
5.21504	-0.876307	-0.8923	0.0159929
5.27788	-0.844328	-0.858633	0.0143046
5.34071	-0.809017	-0.821701	0.0126839
5.40354	-0.770513	-0.78165	0.0111372
5.46637	-0.728969	-0.738639	0.00967041
5.5292	-0.684547	-0.692837	0.00828948
5.59203	-0.637424	-0.644424	0.00699982
5.65487	-0.587785	-0.593592	0.00580652
5.7177	-0.535827	-0.540541	0.00471429
5.78053	-0.481754	-0.485481	0.00372744
5.84336	-0.425779	-0.428629	0.00284986
5.90619	-0.368125	-0.37021	0.00208502
5.96903	-0.309017	-0.310453	0.00143594
6.03186	-0.24869	-0.249595	0.000905168
6.09469	-0.187381	-0.187876	0.000494812
6.15752	-0.125333	-0.12554	0.000206488
6.22035	-0.0627905	-0.0628319	4.13335e-05
6.28319	6.43249e-16	4.16334e-17	6.01616e-16

For npts = 1000 (steps of 2PI/1000)
i x[i] sin(x) est(sin(x)) error
0.00628319	0.00628314	0.00628306	8.26831e-08
0.0125664	0.012566	0.0125658	2.89388e-07
0.0188496	0.0188484	0.0188478	6.20105e-07
0.0251327	0.0251301	0.025129	1.07482e-06
0.0314159	0.0314108	0.0314091	1.65352e-06
0.0376991	0.0376902	0.0376878	2.35618e-06
0.0439823	0.0439681	0.0439649	3.18277e-06
0.0502655	0.0502443	0.0502402	4.13327e-06
0.0565487	0.0565185	0.0565133	5.20762e-06
0.0628319	0.0627905	0.0627841	6.40579e-06
0.069115	0.06906	0.0690523	7.72773e-06
0.0753982	0.0753268	0.0753176	9.17339e-06
0.0816814	0.0815906	0.0815799	1.07427e-05
0.0879646	0.0878512	0.0878388	1.24356e-05
0.0942478	0.0941083	0.0940941	1.42521e-05
0.100531	0.100362	0.100346	1.6192e-05
0.106814	0.106611	0.106593	1.82553e-05
0.113097	0.112856	0.112836	2.04419e-05
0.119381	0.119097	0.119074	2.27518e-05
0.125664	0.125333	0.125308	2.51847e-05
0.131947	0.131564	0.131537	2.77407e-05
0.13823	0.13779	0.13776	3.04196e-05
0.144513	0.144011	0.143978	3.32214e-05
0.150796	0.150226	0.150189	3.61458e-05
0.15708	0.156434	0.156395	3.91929e-05
0.163363	0.162637	0.162595	4.23624e-05
0.169646	0.168833	0.168788	4.56543e-05
0.175929	0.175023	0.174974	4.90684e-05
0.182212	0.181206	0.181153	5.26046e-05
0.188496	0.187381	0.187325	5.62627e-05
0.194779	0.193549	0.193489	6.00426e-05
0.201062	0.19971	0.199646	6.39442e-05
0.207345	0.205863	0.205795	6.79673e-05
0.213628	0.212007	0.211935	7.21118e-05
0.219911	0.218143	0.218067	7.63774e-05
0.226195	0.224271	0.22419	8.0764e-05
0.232478	0.230389	0.230304	8.52715e-05
0.238761	0.236499	0.236409	8.98996e-05
0.245044	0.242599	0.242505	9.46482e-05
0.251327	0.24869	0.24859	9.95171e-05
0.257611	0.254771	0.254666	0.000104506
0.263894	0.260842	0.260732	0.000109615
0.270177	0.266902	0.266787	0.000114843
0.27646	0.272952	0.272832	0.000120192
0.282743	0.278991	0.278865	0.000125659
0.289027	0.285019	0.284888	0.000131245
0.29531	0.291036	0.290899	0.000136951
0.301593	0.297042	0.296899	0.000142774
0.307876	0.303035	0.302887	0.000148717
0.314159	0.309017	0.308862	0.000154777
0.320442	0.314987	0.314826	0.000160955
0.326726	0.320944	0.320776	0.000167251
0.333009	0.326888	0.326714	0.000173665
0.339292	0.33282	0.332639	0.000180195
0.345575	0.338738	0.338551	0.000186843
0.351858	0.344643	0.344449	0.000193607
0.358142	0.350534	0.350334	0.000200488
0.364425	0.356412	0.356204	0.000207484
0.370708	0.362275	0.362061	0.000214597
0.376991	0.368125	0.367903	0.000221825
0.383274	0.373959	0.37373	0.000229168
0.389557	0.379779	0.379542	0.000236626
0.395841	0.385584	0.38534	0.000244199
0.402124	0.391374	0.391122	0.000251887
0.408407	0.397148	0.396888	0.000259688
0.41469	0.402906	0.402639	0.000267603
0.420973	0.408649	0.408373	0.000275632
0.427257	0.414376	0.414092	0.000283774
0.43354	0.420086	0.419794	0.000292028
0.439823	0.425779	0.425479	0.000300395
0.446106	0.431456	0.431147	0.000308875
0.452389	0.437116	0.436798	0.000317466
0.458673	0.442758	0.442432	0.000326168
0.464956	0.448383	0.448048	0.000334982
0.471239	0.45399	0.453647	0.000343907
0.477522	0.45958	0.459227	0.000352942
0.483805	0.465151	0.464789	0.000362087
0.490088	0.470704	0.470333	0.000371342
0.496372	0.476238	0.475857	0.000380706
0.502655	0.481754	0.481363	0.000390179
0.508938	0.48725	0.48685	0.000399761
0.515221	0.492727	0.492318	0.000409451
0.521504	0.498185	0.497766	0.000419249
0.527788	0.503623	0.503194	0.000429154
0.534071	0.509041	0.508602	0.000439167
0.540354	0.51444	0.51399	0.000449286
0.546637	0.519817	0.519358	0.000459511
0.55292	0.525175	0.524705	0.000469842
0.559203	0.530511	0.530031	0.000480279
0.565487	0.535827	0.535336	0.000490821
0.57177	0.541121	0.54062	0.000501468
0.578053	0.546394	0.545882	0.000512218
0.584336	0.551646	0.551123	0.000523073
0.590619	0.556876	0.556342	0.000534031
0.596903	0.562083	0.561538	0.000545092
0.603186	0.567269	0.566713	0.000556255
0.609469	0.572432	0.571865	0.00056752
0.615752	0.577573	0.576994	0.000578887
0.622035	0.58269	0.5821	0.000590356
0.628319	0.587785	0.587183	0.000601925
0.634602	0.592857	0.592243	0.000613594
0.640885	0.597905	0.59728	0.000625363
0.647168	0.60293	0.602292	0.000637231
0.653451	0.60793	0.607281	0.000649198
0.659734	0.612907	0.612246	0.000661264
0.666018	0.61786	0.617186	0.000673427
0.672301	0.622788	0.622102	0.000685688
0.678584	0.627691	0.626993	0.000698046
0.684867	0.63257	0.63186	0.000710501
0.69115	0.637424	0.636701	0.000723051
0.697434	0.642253	0.641517	0.000735697
0.703717	0.647056	0.646308	0.000748438
0.71	0.651834	0.651072	0.000761273
0.716283	0.656586	0.655812	0.000774202
0.722566	0.661312	0.660525	0.000787225
0.728849	0.666012	0.665212	0.000800341
0.735133	0.670686	0.669872	0.000813549
0.741416	0.675333	0.674506	0.000826849
0.747699	0.679953	0.679113	0.00084024
0.753982	0.684547	0.683693	0.000853722
0.760265	0.689114	0.688247	0.000867295
0.766549	0.693653	0.692772	0.000880957
0.772832	0.698165	0.697271	0.000894709
0.779115	0.70265	0.701741	0.000908549
0.785398	0.707107	0.706184	0.000922477
0.791681	0.711536	0.710599	0.000936494
0.797965	0.715936	0.714986	0.000950597
0.804248	0.720309	0.719344	0.000964786
0.810531	0.724653	0.723674	0.000979062
0.816814	0.728969	0.727975	0.000993423
0.823097	0.733255	0.732247	0.00100787
0.82938	0.737513	0.736491	0.0010224
0.835664	0.741742	0.740705	0.00103701
0.841947	0.745941	0.744889	0.00105171
0.84823	0.750111	0.749045	0.00106649
0.854513	0.754251	0.75317	0.00108135
0.860796	0.758362	0.757266	0.00109629
0.86708	0.762443	0.761331	0.00111131
0.873363	0.766493	0.765367	0.00112642
0.879646	0.770513	0.769372	0.0011416
0.885929	0.774503	0.773346	0.00115686
0.892212	0.778462	0.77729	0.0011722
0.898495	0.782391	0.781203	0.00118762
0.904779	0.786288	0.785085	0.00120312
0.911062	0.790155	0.788936	0.00121869
0.917345	0.79399	0.792756	0.00123434
0.923628	0.797794	0.796544	0.00125006
0.929911	0.801567	0.800301	0.00126586
0.936195	0.805308	0.804026	0.00128173
0.942478	0.809017	0.807719	0.00129767
0.948761	0.812694	0.81138	0.00131369
0.955044	0.816339	0.815009	0.00132978
0.961327	0.819952	0.818606	0.00134594
0.967611	0.823533	0.82217	0.00136217
0.973894	0.827081	0.825702	0.00137848
0.980177	0.830596	0.829201	0.00139485
0.98646	0.834078	0.832667	0.00141129
0.992743	0.837528	0.8361	0.0014278
0.999026	0.840945	0.8395	0.00144438
1.00531	0.844328	0.842867	0.00146102
1.01159	0.847678	0.8462	0.00147773
1.01788	0.850994	0.8495	0.00149451
1.02416	0.854277	0.852766	0.00151135
1.03044	0.857527	0.855998	0.00152825
1.03673	0.860742	0.859197	0.00154522
1.04301	0.863923	0.862361	0.00156226
1.04929	0.867071	0.865491	0.00157935
1.05558	0.870184	0.868587	0.00159651
1.06186	0.873262	0.871649	0.00161372
1.06814	0.876307	0.874676	0.001631
1.07442	0.879316	0.877668	0.00164834
1.08071	0.882291	0.880625	0.00166574
1.08699	0.885231	0.883548	0.00168319
1.09327	0.888136	0.886436	0.0017007
1.09956	0.891007	0.889288	0.00171827
1.10584	0.893841	0.892106	0.0017359
1.11212	0.896641	0.894887	0.00175358
1.11841	0.899405	0.897634	0.00177131
1.12469	0.902134	0.900345	0.0017891
1.13097	0.904827	0.90302	0.00180694
1.13726	0.907484	0.90566	0.00182484
1.14354	0.910106	0.908263	0.00184279
1.14982	0.912692	0.910831	0.00186079
1.15611	0.915241	0.913362	0.00187884
1.16239	0.917755	0.915858	0.00189694
1.16867	0.920232	0.918317	0.00191508
1.17496	0.922673	0.920739	0.00193328
1.18124	0.925077	0.923126	0.00195152
1.18752	0.927445	0.925475	0.00196982
1.19381	0.929776	0.927788	0.00198815
1.20009	0.932071	0.930065	0.00200654
1.20637	0.934329	0.932304	0.00202497
1.21265	0.93655	0.934506	0.00204344
1.21894	0.938734	0.936672	0.00206195
1.22522	0.940881	0.9388	0.00208051
1.2315	0.942991	0.940891	0.00209911
1.23779	0.945063	0.942945	0.00211775
1.24407	0.947098	0.944962	0.00213643
1.25035	0.949096	0.946941	0.00215516
1.25664	0.951057	0.948883	0.00217392
1.26292	0.952979	0.950787	0.00219271
1.2692	0.954865	0.952653	0.00221155
1.27549	0.956712	0.954482	0.00223042
1.28177	0.958522	0.956272	0.00224933
1.28805	0.960294	0.958025	0.00226828
1.29434	0.962028	0.95974	0.00228725
1.30062	0.963724	0.961417	0.00230627
1.3069	0.965382	0.963056	0.00232531
1.31319	0.967001	0.964657	0.00234439
1.31947	0.968583	0.96622	0.0023635
1.32575	0.970127	0.967744	0.00238264
1.33204	0.971632	0.96923	0.00240181
1.33832	0.973099	0.970678	0.002421
1.3446	0.974527	0.972087	0.00244023
1.35088	0.975917	0.973457	0.00245949
1.35717	0.977268	0.974789	0.00247877
1.36345	0.978581	0.976083	0.00249808
1.36973	0.979855	0.977338	0.00251741
1.37602	0.981091	0.978554	0.00253677
1.3823	0.982287	0.979731	0.00255615
1.38858	0.983445	0.98087	0.00257555
1.39487	0.984564	0.981969	0.00259498
1.40115	0.985645	0.98303	0.00261443
1.40743	0.986686	0.984052	0.0026339
1.41372	0.987688	0.985035	0.00265339
1.42	0.988652	0.985979	0.0026729
1.42628	0.989576	0.986884	0.00269243
1.43257	0.990461	0.987749	0.00271197
1.43885	0.991308	0.988576	0.00273153
1.44513	0.992115	0.989364	0.00275111
1.45142	0.992883	0.990112	0.0027707
1.4577	0.993611	0.990821	0.00279031
1.46398	0.994301	0.991491	0.00280993
1.47027	0.994951	0.992121	0.00282957
1.47655	0.995562	0.992713	0.00284922
1.48283	0.996134	0.993265	0.00286888
1.48911	0.996666	0.993777	0.00288855
1.4954	0.997159	0.994251	0.00290823
1.50168	0.997613	0.994685	0.00292792
1.50796	0.998027	0.995079	0.00294761
1.51425	0.998402	0.995434	0.00296732
1.52053	0.998737	0.99575	0.00298703
1.52681	0.999033	0.996026	0.00300675
1.5331	0.999289	0.996263	0.00302647
1.53938	0.999507	0.99646	0.0030462
1.54566	0.999684	0.996618	0.00306593
1.55195	0.999822	0.996737	0.00308567
1.55823	0.999921	0.996816	0.0031054
1.56451	0.99998	0.996855	0.00312514
1.5708	1	0.996855	0.00314488
1.57708	0.99998	0.996816	0.00316462
1.58336	0.999921	0.996737	0.00318436
1.58965	0.999822	0.996618	0.0032041
1.59593	0.999684	0.99646	0.00322383
1.60221	0.999507	0.996263	0.00324356
1.6085	0.999289	0.996026	0.00326329
1.61478	0.999033	0.99575	0.00328301
1.62106	0.998737	0.995434	0.00330273
1.62734	0.998402	0.995079	0.00332244
1.63363	0.998027	0.994685	0.00334214
1.63991	0.997613	0.994251	0.00336183
1.64619	0.997159	0.993777	0.00338152
1.65248	0.996666	0.993265	0.0034012
1.65876	0.996134	0.992713	0.00342086
1.66504	0.995562	0.992121	0.00344052
1.67133	0.994951	0.991491	0.00346016
1.67761	0.994301	0.990821	0.00347979
1.68389	0.993611	0.990112	0.00349941
1.69018	0.992883	0.989364	0.00351901
1.69646	0.992115	0.988576	0.0035386
1.70274	0.991308	0.987749	0.00355818
1.70903	0.990461	0.986884	0.00357773
1.71531	0.989576	0.985979	0.00359727
1.72159	0.988652	0.985035	0.00361679
1.72788	0.987688	0.984052	0.0036363
1.73416	0.986686	0.98303	0.00365578
1.74044	0.985645	0.981969	0.00367524
1.74673	0.984564	0.98087	0.00369468
1.75301	0.983445	0.979731	0.0037141
1.75929	0.982287	0.978554	0.0037335
1.76558	0.981091	0.977338	0.00375287
1.77186	0.979855	0.976083	0.00377222
1.77814	0.978581	0.974789	0.00379155
1.78442	0.977268	0.973457	0.00381085
1.79071	0.975917	0.972087	0.00383012
1.79699	0.974527	0.970678	0.00384937
1.80327	0.973099	0.96923	0.00386858
1.80956	0.971632	0.967744	0.00388777
1.81584	0.970127	0.96622	0.00390693
1.82212	0.968583	0.964657	0.00392606
1.82841	0.967001	0.963056	0.00394516
1.83469	0.965382	0.961417	0.00396423
1.84097	0.963724	0.95974	0.00398326
1.84726	0.962028	0.958025	0.00400226
1.85354	0.960294	0.956272	0.00402123
1.85982	0.958522	0.954482	0.00404016
1.86611	0.956712	0.952653	0.00405906
1.87239	0.954865	0.950787	0.00407792
1.87867	0.952979	0.948883	0.00409674
1.88496	0.951057	0.946941	0.00411553
1.89124	0.949096	0.944962	0.00413427
1.89752	0.947098	0.942945	0.00415298
1.90381	0.945063	0.940891	0.00417165
1.91009	0.942991	0.9388	0.00419028
1.91637	0.940881	0.936672	0.00420886
1.92265	0.938734	0.934506	0.00422741
1.92894	0.93655	0.932304	0.00424591
1.93522	0.934329	0.930065	0.00426437
1.9415	0.932071	0.927788	0.00428278
1.94779	0.929776	0.925475	0.00430115
1.95407	0.927445	0.923126	0.00431947
1.96035	0.925077	0.920739	0.00433775
1.96664	0.922673	0.918317	0.00435598
1.97292	0.920232	0.915858	0.00437416
1.9792	0.917755	0.913362	0.00439229
1.98549	0.915241	0.910831	0.00441037
1.99177	0.912692	0.908263	0.0044284
1.99805	0.910106	0.90566	0.00444639
2.00434	0.907484	0.90302	0.00446432
2.01062	0.904827	0.900345	0.00448219
2.0169	0.902134	0.897634	0.00450002
2.02319	0.899405	0.894887	0.00451779
2.02947	0.896641	0.892106	0.00453551
2.03575	0.893841	0.889288	0.00455317
2.04204	0.891007	0.886436	0.00457078
2.04832	0.888136	0.883548	0.00458833
2.0546	0.885231	0.880625	0.00460582
2.06088	0.882291	0.877668	0.00462326
2.06717	0.879316	0.874676	0.00464063
2.07345	0.876307	0.871649	0.00465795
2.07973	0.873262	0.868587	0.00467521
2.08602	0.870184	0.865491	0.0046924
2.0923	0.867071	0.862361	0.00470954
2.09858	0.863923	0.859197	0.00472661
2.10487	0.860742	0.855998	0.00474363
2.11115	0.857527	0.852766	0.00476057
2.11743	0.854277	0.8495	0.00477746
2.12372	0.850994	0.8462	0.00479428
2.13	0.847678	0.842867	0.00481103
2.13628	0.844328	0.8395	0.00482772
2.14257	0.840945	0.8361	0.00484434
2.14885	0.837528	0.832667	0.0048609
2.15513	0.834078	0.829201	0.00487738
2.16142	0.830596	0.825702	0.0048938
2.1677	0.827081	0.82217	0.00491015
2.17398	0.823533	0.818606	0.00492643
2.18027	0.819952	0.815009	0.00494264
2.18655	0.816339	0.81138	0.00495878
2.19283	0.812694	0.807719	0.00497484
2.19911	0.809017	0.804026	0.00499084
2.2054	0.805308	0.800301	0.00500676
2.21168	0.801567	0.796544	0.0050226
2.21796	0.797794	0.792756	0.00503838
2.22425	0.79399	0.788936	0.00505407
2.23053	0.790155	0.785085	0.0050697
2.23681	0.786288	0.781203	0.00508524
2.2431	0.782391	0.77729	0.00510071
2.24938	0.778462	0.773346	0.0051161
2.25566	0.774503	0.769372	0.00513142
2.26195	0.770513	0.765367	0.00514665
2.26823	0.766493	0.761331	0.00516181
2.27451	0.762443	0.757266	0.00517689
2.2808	0.758362	0.75317	0.00519188
2.28708	0.754251	0.749045	0.0052068
2.29336	0.750111	0.744889	0.00522163
2.29965	0.745941	0.740705	0.00523638
2.30593	0.741742	0.736491	0.00525105
2.31221	0.737513	0.732247	0.00526564
2.3185	0.733255	0.727975	0.00528014
2.32478	0.728969	0.723674	0.00529456
2.33106	0.724653	0.719344	0.00530889
2.33734	0.720309	0.714986	0.00532314
2.34363	0.715936	0.710599	0.0053373
2.34991	0.711536	0.706184	0.00535137
2.35619	0.707107	0.701741	0.00536536
2.36248	0.70265	0.697271	0.00537926
2.36876	0.698165	0.692772	0.00539307
2.37504	0.693653	0.688247	0.00540679
2.38133	0.689114	0.683693	0.00542042
2.38761	0.684547	0.679113	0.00543397
2.39389	0.679953	0.674506	0.00544742
2.40018	0.675333	0.669872	0.00546078
2.40646	0.670686	0.665212	0.00547405
2.41274	0.666012	0.660525	0.00548723
2.41903	0.661312	0.655812	0.00550031
2.42531	0.656586	0.651072	0.0055133
2.43159	0.651834	0.646308	0.0055262
2.43788	0.647056	0.641517	0.00553901
2.44416	0.642253	0.636701	0.00555171
2.45044	0.637424	0.63186	0.00556433
2.45673	0.63257	0.626993	0.00557685
2.46301	0.627691	0.622102	0.00558927
2.46929	0.622788	0.617186	0.00560159
2.47558	0.61786	0.612246	0.00561382
2.48186	0.612907	0.607281	0.00562595
2.48814	0.60793	0.602292	0.00563799
2.49442	0.60293	0.59728	0.00564992
2.50071	0.597905	0.592243	0.00566176
2.50699	0.592857	0.587183	0.00567349
2.51327	0.587785	0.5821	0.00568513
2.51956	0.58269	0.576994	0.00569666
2.52584	0.577573	0.571865	0.0057081
2.53212	0.572432	0.566713	0.00571943
2.53841	0.567269	0.561538	0.00573066
2.54469	0.562083	0.556342	0.00574179
2.55097	0.556876	0.551123	0.00575282
2.55726	0.551646	0.545882	0.00576374
2.56354	0.546394	0.54062	0.00577456
2.56982	0.541121	0.535336	0.00578528
2.57611	0.535827	0.530031	0.00579589
2.58239	0.530511	0.524705	0.0058064
2.58867	0.525175	0.519358	0.0058168
2.59496	0.519817	0.51399	0.00582709
2.60124	0.51444	0.508602	0.00583728
2.60752	0.509041	0.503194	0.00584737
2.61381	0.503623	0.497766	0.00585734
2.62009	0.498185	0.492318	0.00586721
2.62637	0.492727	0.48685	0.00587698
2.63265	0.48725	0.481363	0.00588663
2.63894	0.481754	0.475857	0.00589618
2.64522	0.476238	0.470333	0.00590561
2.6515	0.470704	0.464789	0.00591494
2.65779	0.465151	0.459227	0.00592416
2.66407	0.45958	0.453647	0.00593327
2.67035	0.45399	0.448048	0.00594227
2.67664	0.448383	0.442432	0.00595115
2.68292	0.442758	0.436798	0.00595993
2.6892	0.437116	0.431147	0.0059686
2.69549	0.431456	0.425479	0.00597715
2.70177	0.425779	0.419794	0.00598559
2.70805	0.420086	0.414092	0.00599392
2.71434	0.414376	0.408373	0.00600214
2.72062	0.408649	0.402639	0.00601024
2.7269	0.402906	0.396888	0.00601823
2.73319	0.397148	0.391122	0.00602611
2.73947	0.391374	0.38534	0.00603387
2.74575	0.385584	0.379542	0.00604152
2.75204	0.379779	0.37373	0.00604906
2.75832	0.373959	0.367903	0.00605648
2.7646	0.368125	0.362061	0.00606378
2.77088	0.362275	0.356204	0.00607097
2.77717	0.356412	0.350334	0.00607805
2.78345	0.350534	0.344449	0.006085
2.78973	0.344643	0.338551	0.00609185
2.79602	0.338738	0.332639	0.00609857
2.8023	0.33282	0.326714	0.00610518
2.80858	0.326888	0.320776	0.00611167
2.81487	0.320944	0.314826	0.00611805
2.82115	0.314987	0.308862	0.0061243
2.82743	0.309017	0.302887	0.00613044
2.83372	0.303035	0.296899	0.00613646
2.84	0.297042	0.290899	0.00614237
2.84628	0.291036	0.284888	0.00614815
2.85257	0.285019	0.278865	0.00615382
2.85885	0.278991	0.272832	0.00615936
2.86513	0.272952	0.266787	0.00616479
2.87142	0.266902	0.260732	0.0061701
2.8777	0.260842	0.254666	0.00617529
2.88398	0.254771	0.24859	0.00618036
2.89027	0.24869	0.242505	0.0061853
2.89655	0.242599	0.236409	0.00619013
2.90283	0.236499	0.230304	0.00619484
2.90911	0.230389	0.22419	0.00619943
2.9154	0.224271	0.218067	0.0062039
2.92168	0.218143	0.211935	0.00620824
2.92796	0.212007	0.205795	0.00621247
2.93425	0.205863	0.199646	0.00621657
2.94053	0.19971	0.193489	0.00622056
2.94681	0.193549	0.187325	0.00622442
2.9531	0.187381	0.181153	0.00622816
2.95938	0.181206	0.174974	0.00623177
2.96566	0.175023	0.168788	0.00623527
2.97195	0.168833	0.162595	0.00623864
2.97823	0.162637	0.156395	0.00624189
2.98451	0.156434	0.150189	0.00624502
2.9908	0.150226	0.143978	0.00624803
2.99708	0.144011	0.13776	0.00625091
3.00336	0.13779	0.131537	0.00625367
3.00965	0.131564	0.125308	0.00625631
3.01593	0.125333	0.119074	0.00625883
3.02221	0.119097	0.112836	0.00626122
3.0285	0.112856	0.106593	0.00626349
3.03478	0.106611	0.100346	0.00626563
3.04106	0.100362	0.0940941	0.00626765
3.04734	0.0941083	0.0878388	0.00626955
3.05363	0.0878512	0.0815799	0.00627133
3.05991	0.0815906	0.0753176	0.00627298
3.06619	0.0753268	0.0690523	0.00627451
3.07248	0.06906	0.0627841	0.00627591
3.07876	0.0627905	0.0565133	0.00627719
3.08504	0.0565185	0.0502402	0.00627835
3.09133	0.0502443	0.0439649	0.00627938
3.09761	0.0439681	0.0376878	0.00628029
3.10389	0.0376902	0.0314091	0.00628108
3.11018	0.0314108	0.025129	0.00628174
3.11646	0.0251301	0.0188478	0.00628228
3.12274	0.0188484	0.0125658	0.00628269
3.12903	0.012566	0.00628306	0.00628298
3.13531	0.00628314	-1.76074e-16	0.00628314
3.14159	1.22465e-16	-0.00628319	0.00628319
3.14788	-0.00628314	-0.0125662	0.0062831
3.15416	-0.012566	-0.0188489	0.0062829
3.16044	-0.0188484	-0.025131	0.00628257
3.16673	-0.0251301	-0.0314122	0.00628211
3.17301	-0.0314108	-0.0376923	0.00628153
3.17929	-0.0376902	-0.043971	0.00628083
3.18557	-0.0439681	-0.0502481	0.00628
3.19186	-0.0502443	-0.0565234	0.00627905
3.19814	-0.0565185	-0.0627965	0.00627798
3.20442	-0.0627905	-0.0690673	0.00627678
3.21071	-0.06906	-0.0753355	0.00627546
3.21699	-0.0753268	-0.0816008	0.00627401
3.22327	-0.0815906	-0.0878631	0.00627244
3.22956	-0.0878512	-0.0941219	0.00627075
3.23584	-0.0941083	-0.100377	0.00626893
3.24212	-0.100362	-0.106629	0.00626699
3.24841	-0.106611	-0.112876	0.00626493
3.25469	-0.112856	-0.119119	0.00626274
3.26097	-0.119097	-0.125358	0.00626043
3.26726	-0.125333	-0.131591	0.006258
3.27354	-0.131564	-0.13782	0.00625544
3.27982	-0.13779	-0.144043	0.00625277
3.28611	-0.144011	-0.150261	0.00624996
3.29239	-0.150226	-0.156473	0.00624704
3.29867	-0.156434	-0.162678	0.00624399
3.30496	-0.162637	-0.168878	0.00624082
3.31124	-0.168833	-0.175071	0.00623753
3.31752	-0.175023	-0.181257	0.00623412
3.32381	-0.181206	-0.187436	0.00623058
3.33009	-0.187381	-0.193608	0.00622692
3.33637	-0.193549	-0.199773	0.00622314
3.34265	-0.19971	-0.205929	0.00621924
3.34894	-0.205863	-0.212078	0.00621522
3.35522	-0.212007	-0.218218	0.00621107
3.3615	-0.218143	-0.22435	0.00620681
3.36779	-0.224271	-0.230473	0.00620242
3.37407	-0.230389	-0.236587	0.00619791
3.38035	-0.236499	-0.242692	0.00619329
3.38664	-0.242599	-0.248788	0.00618854
3.39292	-0.24869	-0.254874	0.00618367
3.3992	-0.254771	-0.260949	0.00617868
3.40549	-0.260842	-0.267015	0.00617357
3.41177	-0.266902	-0.27307	0.00616834
3.41805	-0.272952	-0.279115	0.00616299
3.42434	-0.278991	-0.285149	0.00615753
3.43062	-0.285019	-0.291171	0.00615194
3.4369	-0.291036	-0.297182	0.00614623
3.44319	-0.297042	-0.303182	0.00614041
3.44947	-0.303035	-0.30917	0.00613447
3.45575	-0.309017	-0.315145	0.00612841
3.46204	-0.314987	-0.321109	0.00612223
3.46832	-0.320944	-0.32706	0.00611593
3.4746	-0.326888	-0.332998	0.00610952
3.48088	-0.33282	-0.338923	0.00610299
3.48717	-0.338738	-0.344834	0.00609634
3.49345	-0.344643	-0.350733	0.00608958
3.49973	-0.350534	-0.356617	0.0060827
3.50602	-0.356412	-0.362488	0.0060757
3.5123	-0.362275	-0.368344	0.00606859
3.51858	-0.368125	-0.374186	0.00606136
3.52487	-0.373959	-0.380013	0.00605402
3.53115	-0.379779	-0.385826	0.00604656
3.53743	-0.385584	-0.391623	0.00603899
3.54372	-0.391374	-0.397405	0.0060313
3.55	-0.397148	-0.403171	0.0060235
3.55628	-0.402906	-0.408922	0.00601558
3.56257	-0.408649	-0.414657	0.00600755
3.56885	-0.414376	-0.420375	0.00599941
3.57513	-0.420086	-0.426077	0.00599116
3.58142	-0.425779	-0.431762	0.00598279
3.5877	-0.431456	-0.43743	0.00597431
3.59398	-0.437116	-0.443081	0.00596572
3.60027	-0.442758	-0.448715	0.00595702
3.60655	-0.448383	-0.454331	0.0059482
3.61283	-0.45399	-0.45993	0.00593928
3.61911	-0.45958	-0.46551	0.00593024
3.6254	-0.465151	-0.471072	0.0059211
3.63168	-0.470704	-0.476616	0.00591184
3.63796	-0.476238	-0.482141	0.00590248
3.64425	-0.481754	-0.487647	0.00589301
3.65053	-0.48725	-0.493134	0.00588342
3.65681	-0.492727	-0.498601	0.00587373
3.6631	-0.498185	-0.504049	0.00586394
3.66938	-0.503623	-0.509477	0.00585403
3.67566	-0.509041	-0.514885	0.00584402
3.68195	-0.51444	-0.520273	0.0058339
3.68823	-0.519817	-0.525641	0.00582367
3.69451	-0.525175	-0.530988	0.00581334
3.7008	-0.530511	-0.536314	0.00580291
3.70708	-0.535827	-0.541619	0.00579236
3.71336	-0.541121	-0.546903	0.00578172
3.71965	-0.546394	-0.552165	0.00577097
3.72593	-0.551646	-0.557406	0.00576011
3.73221	-0.556876	-0.562625	0.00574915
3.7385	-0.562083	-0.567821	0.00573809
3.74478	-0.567269	-0.572996	0.00572693
3.75106	-0.572432	-0.578148	0.00571566
3.75734	-0.577573	-0.583277	0.0057043
3.76363	-0.58269	-0.588383	0.00569283
3.76991	-0.587785	-0.593467	0.00568126
3.77619	-0.592857	-0.598526	0.00566959
3.78248	-0.597905	-0.603563	0.00565782
3.78876	-0.60293	-0.608575	0.00564595
3.79504	-0.60793	-0.613564	0.00563399
3.80133	-0.612907	-0.618529	0.00562192
3.80761	-0.61786	-0.623469	0.00560976
3.81389	-0.622788	-0.628385	0.0055975
3.82018	-0.627691	-0.633277	0.00558514
3.82646	-0.63257	-0.638143	0.00557268
3.83274	-0.637424	-0.642984	0.00556013
3.83903	-0.642253	-0.6478	0.00554749
3.84531	-0.647056	-0.652591	0.00553475
3.85159	-0.651834	-0.657356	0.00552191
3.85788	-0.656586	-0.662095	0.00550898
3.86416	-0.661312	-0.666808	0.00549596
3.87044	-0.666012	-0.671495	0.00548284
3.87673	-0.670686	-0.676155	0.00546964
3.88301	-0.675333	-0.680789	0.00545634
3.88929	-0.679953	-0.685396	0.00544295
3.89557	-0.684547	-0.689977	0.00542946
3.90186	-0.689114	-0.69453	0.00541589
3.90814	-0.693653	-0.699056	0.00540223
3.91442	-0.698165	-0.703554	0.00538848
3.92071	-0.70265	-0.708025	0.00537464
3.92699	-0.707107	-0.712467	0.00536071
3.93327	-0.711536	-0.716882	0.00534669
3.93956	-0.715936	-0.721269	0.00533259
3.94584	-0.720309	-0.725627	0.0053184
3.95212	-0.724653	-0.729957	0.00530412
3.95841	-0.728969	-0.734258	0.00528976
3.96469	-0.733255	-0.738531	0.00527532
3.97097	-0.737513	-0.742774	0.00526079
3.97726	-0.741742	-0.746988	0.00524617
3.98354	-0.745941	-0.751173	0.00523148
3.98982	-0.750111	-0.755328	0.0052167
3.99611	-0.754251	-0.759453	0.00520184
4.00239	-0.758362	-0.763549	0.00518689
4.00867	-0.762443	-0.767614	0.00517187
4.01496	-0.766493	-0.77165	0.00515677
4.02124	-0.770513	-0.775655	0.00514158
4.02752	-0.774503	-0.779629	0.00512632
4.0338	-0.778462	-0.783573	0.00511098
4.04009	-0.782391	-0.787486	0.00509556
4.04637	-0.786288	-0.791369	0.00508007
4.05265	-0.790155	-0.79522	0.0050645
4.05894	-0.79399	-0.799039	0.00504885
4.06522	-0.797794	-0.802828	0.00503313
4.0715	-0.801567	-0.806584	0.00501733
4.07779	-0.805308	-0.810309	0.00500146
4.08407	-0.809017	-0.814003	0.00498551
4.09035	-0.812694	-0.817664	0.0049695
4.09664	-0.816339	-0.821293	0.00495341
4.10292	-0.819952	-0.824889	0.00493724
4.1092	-0.823533	-0.828454	0.00492101
4.11549	-0.827081	-0.831985	0.00490471
4.12177	-0.830596	-0.835484	0.00488834
4.12805	-0.834078	-0.83895	0.0048719
4.13434	-0.837528	-0.842383	0.00485539
4.14062	-0.840945	-0.845783	0.00483881
4.1469	-0.844328	-0.84915	0.00482216
4.15319	-0.847678	-0.852483	0.00480545
4.15947	-0.850994	-0.855783	0.00478868
4.16575	-0.854277	-0.859049	0.00477184
4.17204	-0.857527	-0.862282	0.00475493
4.17832	-0.860742	-0.86548	0.00473796
4.1846	-0.863923	-0.868644	0.00472093
4.19088	-0.867071	-0.871775	0.00470383
4.19717	-0.870184	-0.87487	0.00468668
4.20345	-0.873262	-0.877932	0.00466946
4.20973	-0.876307	-0.880959	0.00465218
4.21602	-0.879316	-0.883951	0.00463485
4.2223	-0.882291	-0.886909	0.00461745
4.22858	-0.885231	-0.889831	0.0046
4.23487	-0.888136	-0.892719	0.00458248
4.24115	-0.891007	-0.895571	0.00456491
4.24743	-0.893841	-0.898389	0.00454729
4.25372	-0.896641	-0.901171	0.00452961
4.26	-0.899405	-0.903917	0.00451187
4.26628	-0.902134	-0.906628	0.00449408
4.27257	-0.904827	-0.909303	0.00447624
4.27885	-0.907484	-0.911943	0.00445835
4.28513	-0.910106	-0.914546	0.0044404
4.29142	-0.912692	-0.917114	0.0044224
4.2977	-0.915241	-0.919646	0.00440435
4.30398	-0.917755	-0.922141	0.00438625
4.31027	-0.920232	-0.9246	0.0043681
4.31655	-0.922673	-0.927023	0.00434991
4.32283	-0.925077	-0.929409	0.00433166
4.32911	-0.927445	-0.931759	0.00431337
4.3354	-0.929776	-0.934072	0.00429503
4.34168	-0.932071	-0.936348	0.00427665
4.34796	-0.934329	-0.938587	0.00425822
4.35425	-0.93655	-0.94079	0.00423975
4.36053	-0.938734	-0.942955	0.00422123
4.36681	-0.940881	-0.945083	0.00420267
4.3731	-0.942991	-0.947175	0.00418407
4.37938	-0.945063	-0.949229	0.00416543
4.38566	-0.947098	-0.951245	0.00414675
4.39195	-0.949096	-0.953224	0.00412803
4.39823	-0.951057	-0.955166	0.00410927
4.40451	-0.952979	-0.95707	0.00409047
4.4108	-0.954865	-0.958936	0.00407163
4.41708	-0.956712	-0.960765	0.00405276
4.42336	-0.958522	-0.962556	0.00403385
4.42965	-0.960294	-0.964309	0.00401491
4.43593	-0.962028	-0.966024	0.00399593
4.44221	-0.963724	-0.967701	0.00397692
4.4485	-0.965382	-0.96934	0.00395787
4.45478	-0.967001	-0.97094	0.0039388
4.46106	-0.968583	-0.972503	0.00391969
4.46734	-0.970127	-0.974027	0.00390055
4.47363	-0.971632	-0.975513	0.00388138
4.47991	-0.973099	-0.976961	0.00386218
4.48619	-0.974527	-0.97837	0.00384295
4.49248	-0.975917	-0.97974	0.0038237
4.49876	-0.977268	-0.981073	0.00380442
4.50504	-0.978581	-0.982366	0.00378511
4.51133	-0.979855	-0.983621	0.00376578
4.51761	-0.981091	-0.984837	0.00374642
4.52389	-0.982287	-0.986014	0.00372704
4.53018	-0.983445	-0.987153	0.00370763
4.53646	-0.984564	-0.988253	0.0036882
4.54274	-0.985645	-0.989313	0.00366876
4.54903	-0.986686	-0.990335	0.00364929
4.55531	-0.987688	-0.991318	0.0036298
4.56159	-0.988652	-0.992262	0.00361029
4.56788	-0.989576	-0.993167	0.00359076
4.57416	-0.990461	-0.994033	0.00357122
4.58044	-0.991308	-0.994859	0.00355165
4.58673	-0.992115	-0.995647	0.00353207
4.59301	-0.992883	-0.996395	0.00351248
4.59929	-0.993611	-0.997104	0.00349287
4.60557	-0.994301	-0.997774	0.00347325
4.61186	-0.994951	-0.998405	0.00345362
4.61814	-0.995562	-0.998996	0.00343397
4.62442	-0.996134	-0.999548	0.00341431
4.63071	-0.996666	-1.00006	0.00339464
4.63699	-0.997159	-1.00053	0.00337496
4.64327	-0.997613	-1.00097	0.00335527
4.64956	-0.998027	-1.00136	0.00333557
4.65584	-0.998402	-1.00172	0.00331587
4.66212	-0.998737	-1.00203	0.00329615
4.66841	-0.999033	-1.00231	0.00327644
4.67469	-0.999289	-1.00255	0.00325671
4.68097	-0.999507	-1.00274	0.00323698
4.68726	-0.999684	-1.0029	0.00321725
4.69354	-0.999822	-1.00302	0.00319752
4.69982	-0.999921	-1.0031	0.00317778
4.70611	-0.99998	-1.00314	0.00315804
4.71239	-1	-1.00314	0.0031383
4.71867	-0.99998	-1.0031	0.00311856
4.72496	-0.999921	-1.00302	0.00309883
4.73124	-0.999822	-1.0029	0.00307909
4.73752	-0.999684	-1.00274	0.00305936
4.7438	-0.999507	-1.00255	0.00303962
4.75009	-0.999289	-1.00231	0.0030199
4.75637	-0.999033	-1.00203	0.00300018
4.76265	-0.998737	-1.00172	0.00298046
4.76894	-0.998402	-1.00136	0.00296075
4.77522	-0.998027	-1.00097	0.00294105
4.7815	-0.997613	-1.00053	0.00292135
4.78779	-0.997159	-1.00006	0.00290167
4.79407	-0.996666	-0.999548	0.00288199
4.80035	-0.996134	-0.998996	0.00286232
4.80664	-0.995562	-0.998405	0.00284267
4.81292	-0.994951	-0.997774	0.00282302
4.8192	-0.994301	-0.997104	0.00280339
4.82549	-0.993611	-0.996395	0.00278378
4.83177	-0.992883	-0.995647	0.00276417
4.83805	-0.992115	-0.994859	0.00274458
4.84434	-0.991308	-0.994033	0.00272501
4.85062	-0.990461	-0.993167	0.00270545
4.8569	-0.989576	-0.992262	0.00268591
4.86319	-0.988652	-0.991318	0.00266639
4.86947	-0.987688	-0.990335	0.00264689
4.87575	-0.986686	-0.989313	0.00262741
4.88203	-0.985645	-0.988253	0.00260794
4.88832	-0.984564	-0.987153	0.0025885
4.8946	-0.983445	-0.986014	0.00256908
4.90088	-0.982287	-0.984837	0.00254969
4.90717	-0.981091	-0.983621	0.00253031
4.91345	-0.979855	-0.982366	0.00251096
4.91973	-0.978581	-0.981073	0.00249164
4.92602	-0.977268	-0.97974	0.00247234
4.9323	-0.975917	-0.97837	0.00245306
4.93858	-0.974527	-0.976961	0.00243382
4.94487	-0.973099	-0.975513	0.0024146
4.95115	-0.971632	-0.974027	0.00239541
4.95743	-0.970127	-0.972503	0.00237625
4.96372	-0.968583	-0.97094	0.00235712
4.97	-0.967001	-0.96934	0.00233803
4.97628	-0.965382	-0.967701	0.00231896
4.98257	-0.963724	-0.966024	0.00229992
4.98885	-0.962028	-0.964309	0.00228092
4.99513	-0.960294	-0.962556	0.00226196
5.00142	-0.958522	-0.960765	0.00224302
5.0077	-0.956712	-0.958936	0.00222413
5.01398	-0.954865	-0.95707	0.00220527
5.02027	-0.952979	-0.955166	0.00218644
5.02655	-0.951057	-0.953224	0.00216766
5.03283	-0.949096	-0.951245	0.00214891
5.03911	-0.947098	-0.949229	0.0021302
5.0454	-0.945063	-0.947175	0.00211153
5.05168	-0.942991	-0.945083	0.00209291
5.05796	-0.940881	-0.942955	0.00207432
5.06425	-0.938734	-0.94079	0.00205578
5.07053	-0.93655	-0.938587	0.00203728
5.07681	-0.934329	-0.936348	0.00201882
5.0831	-0.932071	-0.934072	0.0020004
5.08938	-0.929776	-0.931759	0.00198204
5.09566	-0.927445	-0.929409	0.00196371
5.10195	-0.925077	-0.927023	0.00194544
5.10823	-0.922673	-0.9246	0.00192721
5.11451	-0.920232	-0.922141	0.00190903
5.1208	-0.917755	-0.919646	0.0018909
5.12708	-0.915241	-0.917114	0.00187281
5.13336	-0.912692	-0.914546	0.00185478
5.13965	-0.910106	-0.911943	0.0018368
5.14593	-0.907484	-0.909303	0.00181887
5.15221	-0.904827	-0.906628	0.00180099
5.1585	-0.902134	-0.903917	0.00178317
5.16478	-0.899405	-0.901171	0.00176539
5.17106	-0.896641	-0.898389	0.00174768
5.17734	-0.893841	-0.895571	0.00173001
5.18363	-0.891007	-0.892719	0.00171241
5.18991	-0.888136	-0.889831	0.00169486
5.19619	-0.885231	-0.886909	0.00167737
5.20248	-0.882291	-0.883951	0.00165993
5.20876	-0.879316	-0.880959	0.00164255
5.21504	-0.876307	-0.877932	0.00162524
5.22133	-0.873262	-0.87487	0.00160798
5.22761	-0.870184	-0.871775	0.00159078
5.23389	-0.867071	-0.868644	0.00157365
5.24018	-0.863923	-0.86548	0.00155657
5.24646	-0.860742	-0.862282	0.00153956
5.25274	-0.857527	-0.859049	0.00152261
5.25903	-0.854277	-0.855783	0.00150573
5.26531	-0.850994	-0.852483	0.00148891
5.27159	-0.847678	-0.84915	0.00147215
5.27788	-0.844328	-0.845783	0.00145547
5.28416	-0.840945	-0.842383	0.00143884
5.29044	-0.837528	-0.83895	0.00142229
5.29673	-0.834078	-0.835484	0.0014058
5.30301	-0.830596	-0.831985	0.00138938
5.30929	-0.827081	-0.828454	0.00137303
5.31557	-0.823533	-0.824889	0.00135676
5.32186	-0.819952	-0.821293	0.00134055
5.32814	-0.816339	-0.817664	0.00132441
5.33442	-0.812694	-0.814003	0.00130834
5.34071	-0.809017	-0.810309	0.00129235
5.34699	-0.805308	-0.806584	0.00127643
5.35327	-0.801567	-0.802828	0.00126058
5.35956	-0.797794	-0.799039	0.00124481
5.36584	-0.79399	-0.79522	0.00122911
5.37212	-0.790155	-0.791369	0.00121349
5.37841	-0.786288	-0.787486	0.00119794
5.38469	-0.782391	-0.783573	0.00118247
5.39097	-0.778462	-0.779629	0.00116708
5.39726	-0.774503	-0.775655	0.00115177
5.40354	-0.770513	-0.77165	0.00113653
5.40982	-0.766493	-0.767614	0.00112137
5.41611	-0.762443	-0.763549	0.0011063
5.42239	-0.758362	-0.759453	0.0010913
5.42867	-0.754251	-0.755328	0.00107639
5.43496	-0.750111	-0.751173	0.00106155
5.44124	-0.745941	-0.746988	0.0010468
5.44752	-0.741742	-0.742774	0.00103213
5.4538	-0.737513	-0.738531	0.00101755
5.46009	-0.733255	-0.734258	0.00100304
5.46637	-0.728969	-0.729957	0.000988626
5.47265	-0.724653	-0.725627	0.000974294
5.47894	-0.720309	-0.721269	0.000960047
5.48522	-0.715936	-0.716882	0.000945886
5.4915	-0.711536	-0.712467	0.000931812
5.49779	-0.707107	-0.708025	0.000917825
5.50407	-0.70265	-0.703554	0.000903926
5.51035	-0.698165	-0.699056	0.000890115
5.51664	-0.693653	-0.69453	0.000876393
5.52292	-0.689114	-0.689977	0.000862761
5.5292	-0.684547	-0.685396	0.000849218
5.53549	-0.679953	-0.680789	0.000835766
5.54177	-0.675333	-0.676155	0.000822405
5.54805	-0.670686	-0.671495	0.000809136
5.55434	-0.666012	-0.666808	0.000795958
5.56062	-0.661312	-0.662095	0.000782874
5.5669	-0.656586	-0.657356	0.000769882
5.57319	-0.651834	-0.652591	0.000756984
5.57947	-0.647056	-0.6478	0.00074418
5.58575	-0.642253	-0.642984	0.000731471
5.59203	-0.637424	-0.638143	0.000718857
5.59832	-0.63257	-0.633277	0.000706338
5.6046	-0.627691	-0.628385	0.000693916
5.61088	-0.622788	-0.623469	0.000681591
5.61717	-0.61786	-0.618529	0.000669362
5.62345	-0.612907	-0.613564	0.000657231
5.62973	-0.60793	-0.608575	0.000645198
5.63602	-0.60293	-0.603563	0.000633264
5.6423	-0.597905	-0.598526	0.000621429
5.64858	-0.592857	-0.593467	0.000609693
5.65487	-0.587785	-0.588383	0.000598057
5.66115	-0.58269	-0.583277	0.000586522
5.66743	-0.577573	-0.578148	0.000575087
5.67372	-0.572432	-0.572996	0.000563754
5.68	-0.567269	-0.567821	0.000552522
5.68628	-0.562083	-0.562625	0.000541393
5.69257	-0.556876	-0.557406	0.000530367
5.69885	-0.551646	-0.552165	0.000519443
5.70513	-0.546394	-0.546903	0.000508623
5.71142	-0.541121	-0.541619	0.000497907
5.7177	-0.535827	-0.536314	0.000487295
5.72398	-0.530511	-0.530988	0.000476789
5.73027	-0.525175	-0.525641	0.000466387
5.73655	-0.519817	-0.520273	0.000456091
5.74283	-0.51444	-0.514885	0.000445901
5.74911	-0.509041	-0.509477	0.000435817
5.7554	-0.503623	-0.504049	0.00042584
5.76168	-0.498185	-0.498601	0.000415971
5.76796	-0.492727	-0.493134	0.000406209
5.77425	-0.48725	-0.487647	0.000396555
5.78053	-0.481754	-0.482141	0.000387009
5.78681	-0.476238	-0.476616	0.000377572
5.7931	-0.470704	-0.471072	0.000368244
5.79938	-0.465151	-0.46551	0.000359026
5.80566	-0.45958	-0.45993	0.000349918
5.81195	-0.45399	-0.454331	0.00034092
5.81823	-0.448383	-0.448715	0.000332032
5.82451	-0.442758	-0.443081	0.000323255
5.8308	-0.437116	-0.43743	0.00031459
5.83708	-0.431456	-0.431762	0.000306036
5.84336	-0.425779	-0.426077	0.000297594
5.84965	-0.420086	-0.420375	0.000289264
5.85593	-0.414376	-0.414657	0.000281047
5.86221	-0.408649	-0.408922	0.000272943
5.8685	-0.402906	-0.403171	0.000264952
5.87478	-0.397148	-0.397405	0.000257075
5.88106	-0.391374	-0.391623	0.000249311
5.88734	-0.385584	-0.385826	0.000241662
5.89363	-0.379779	-0.380013	0.000234127
5.89991	-0.373959	-0.374186	0.000226707
5.90619	-0.368125	-0.368344	0.000219403
5.91248	-0.362275	-0.362488	0.000212213
5.91876	-0.356412	-0.356617	0.000205139
5.92504	-0.350534	-0.350733	0.000198181
5.93133	-0.344643	-0.344834	0.000191339
5.93761	-0.338738	-0.338923	0.000184614
5.94389	-0.33282	-0.332998	0.000178006
5.95018	-0.326888	-0.32706	0.000171514
5.95646	-0.320944	-0.321109	0.00016514
5.96274	-0.314987	-0.315145	0.000158883
5.96903	-0.309017	-0.30917	0.000152744
5.97531	-0.303035	-0.303182	0.000146723
5.98159	-0.297042	-0.297182	0.00014082
5.98788	-0.291036	-0.291171	0.000135036
5.99416	-0.285019	-0.285149	0.00012937
6.00044	-0.278991	-0.279115	0.000123823
6.00673	-0.272952	-0.27307	0.000118396
6.01301	-0.266902	-0.267015	0.000113087
6.01929	-0.260842	-0.260949	0.000107899
6.02557	-0.254771	-0.254874	0.00010283
6.03186	-0.24869	-0.248788	9.78808e-05
6.03814	-0.242599	-0.242692	9.30519e-05
6.04442	-0.236499	-0.236587	8.83435e-05
6.05071	-0.230389	-0.230473	8.37556e-05
6.05699	-0.224271	-0.22435	7.92884e-05
6.06327	-0.218143	-0.218218	7.49421e-05
6.06956	-0.212007	-0.212078	7.07168e-05
6.07584	-0.205863	-0.205929	6.66128e-05
6.08212	-0.19971	-0.199773	6.26302e-05
6.08841	-0.193549	-0.193608	5.87691e-05
6.09469	-0.187381	-0.187436	5.50298e-05
6.10097	-0.181206	-0.181257	5.14123e-05
6.10726	-0.175023	-0.175071	4.79168e-05
6.11354	-0.168833	-0.168878	4.45434e-05
6.11982	-0.162637	-0.162678	4.12923e-05
6.12611	-0.156434	-0.156473	3.81636e-05
6.13239	-0.150226	-0.150261	3.51574e-05
6.13867	-0.144011	-0.144043	3.22738e-05
6.14496	-0.13779	-0.13782	2.9513e-05
6.15124	-0.131564	-0.131591	2.68751e-05
6.15752	-0.125333	-0.125358	2.43601e-05
6.1638	-0.119097	-0.119119	2.19681e-05
6.17009	-0.112856	-0.112876	1.96994e-05
6.17637	-0.106611	-0.106629	1.75539e-05
6.18265	-0.100362	-0.100377	1.55317e-05
6.18894	-0.0941083	-0.0941219	1.36329e-05
6.19522	-0.0878512	-0.0878631	1.18576e-05
6.2015	-0.0815906	-0.0816008	1.02059e-05
6.20779	-0.0753268	-0.0753355	8.67776e-06
6.21407	-0.06906	-0.0690673	7.27333e-06
6.22035	-0.0627905	-0.0627965	5.99264e-06
6.22664	-0.0565185	-0.0565234	4.83574e-06
6.23292	-0.0502443	-0.0502481	3.80267e-06
6.2392	-0.0439681	-0.043971	2.89348e-06
6.24549	-0.0376902	-0.0376923	2.10819e-06
6.25177	-0.0314108	-0.0314122	1.44685e-06
6.25805	-0.0251301	-0.025131	9.09474e-07
6.26434	-0.0188484	-0.0188489	4.96088e-07
6.27062	-0.012566	-0.0125662	2.06706e-07
6.2769	-0.00628314	-0.00628319	4.13416e-08
6.28319	-2.44929e-16	-3.46077e-16	1.01148e-16

npts mean err max err 
10	0.314159	0.628319
20	0.15708	0.314159
100	0.0314159	0.0628319
1000	0.00314159	0.00628319
